0 0.05703125 0.5171875 0.1140625 0.03046875
0 0.0671875 0.68828125 0.13359375 0.08984375
0 0.07109375 0.56171875 0.1421875 0.0390625
0 0.078125 0.61640625 0.15625 0.05625
0 0.23515625 0.71328125 0.24140625 0.0859375
0 0.2140625 0.49296875 0.13671875 0.034375
0 0.3046875 0.61796875 0.21015625 0.05859375
0 0.28125 0.54375 0.12109375 0.03203125
0 0.57421875 0.728125 0.23203125 0.0734375
0 0.58203125 0.465625 0.1171875 0.0203125
0 0.64296875 0.6390625 0.23671875 0.05
0 0.68203125 0.49140625 0.12890625 0.03046875
0 0.77265625 0.56171875 0.178125 0.04375
0 0.85390625 0.8 0.2890625 0.090625
0 0.9125 0.70625 0.17109375 0.0640625
0 0.9171875 0.53203125 0.16328125 0.03515625
0 0.9296875 0.6078125 0.13671875 0.0546875