0 0.16171875 0.340625 0.29375 0.35234375
0 0.16015625 0.8515625 0.06953125 0.03828125
0 0.3296875 0.809375 0.06875 0.0328125
0 0.5171875 0.18828125 0.15234375 0.1078125
0 0.715625 0.41875 0.14453125 0.0828125
0 0.740625 0.10546875 0.05390625 0.009375
0 0.86953125 0.4078125 0.1234375 0.0828125
0 0.871875 0.14375 0.05390625 0.015625
1 0.1484375 0.28671875 0.22578125 0.171875
1 0.159375 0.8453125 0.07109375 0.034375
1 0.32109375 0.8078125 0.06875 0.0375
1 0.5140625 0.184375 0.15234375 0.10859375
1 0.7140625 0.41875 0.1421875 0.08984375
1 0.7375 0.10078125 0.065625 0.0171875
1 0.865625 0.40625 0.125 0.0703125
1 0.86640625 0.14296875 0.0671875 0.015625