0 0.65546875 0.8953125 0.21953125 0.17421875
0 0.13828125 0.4953125 0.1703125 0.075
0 0.2390625 0.59453125 0.17578125 0.08515625
0 0.24375 0.41640625 0.15 0.0671875
0 0.35625 0.49609375 0.16796875 0.06875
0 0.4765625 0.58125 0.18046875 0.08671875
0 0.69609375 0.73203125 0.19921875 0.090625
0 0.85234375 0.97265625 0.228125 0.05234375
0 0.884375 0.84296875 0.2109375 0.12578125
0 0.99375 0.9421875 0.01171875 0.05703125
1 0.13515625 0.496875 0.16875 0.090625
1 0.2375 0.590625 0.175 0.09375
1 0.2453125 0.41875 0.153125 0.0640625
1 0.35859375 0.4953125 0.1671875 0.071875
1 0.4734375 0.57734375 0.1765625 0.09375
1 0.634375 0.8578125 0.2015625 0.1109375
1 0.69296875 0.72421875 0.19140625 0.10546875
1 0.84453125 0.965625 0.23359375 0.065625
1 0.88359375 0.834375 0.21484375 0.115625
1 0.99140625 0.9453125 0.015625 0.05859375