0 0.071875 0.77421875 0.0984375 0.13359375
0 0.0046875 0.22265625 0.009375 0.03828125
0 0.009375 0.14453125 0.01875 0.0578125
0 0.01015625 0.0546875 0.0203125 0.05
0 0.01171875 0.48359375 0.0234375 0.06328125
0 0.0140625 0.8453125 0.02734375 0.08828125
0 0.01953125 0.68515625 0.0390625 0.0765625
0 0.025 0.38828125 0.05 0.06875
0 0.02734375 0.990625 0.0546875 0.01796875
0 0.03125 0.5765625 0.059375 0.06484375
0 0.0390625 0.28671875 0.0734375 0.05859375
0 0.03984375 0.01796875 0.040625 0.03515625
0 0.053125 0.20234375 0.06171875 0.05859375
0 0.06875 0.10234375 0.065625 0.05859375
0 0.071875 0.46171875 0.065625 0.06875
0 0.075 0.90859375 0.0640625 0.0765625
0 0.1125 0.37421875 0.0703125 0.06484375
0 0.11875 0.54453125 0.07890625 0.08671875
0 0.1140625 0.6578125 0.06640625 0.0734375
0 0.11328125 0.03046875 0.0625 0.0484375
0 0.12421875 0.2890625 0.0703125 0.05546875
0 0.12578125 0.990625 0.05859375 0.01796875
0 0.153125 0.2015625 0.06875 0.06171875
0 0.1546875 0.81640625 0.0703125 0.06484375
0 0.15390625 0.11640625 0.06328125 0.05859375
0 0.19765625 0.9234375 0.065625 0.08515625
0 0.19375 0.03046875 0.04765625 0.0484375
0 0.20625 0.4734375 0.05859375 0.0671875
0 0.209375 0.7265625 0.0546875 0.05703125
0 0.21953125 0.590625 0.0640625 0.0765625
0 0.22265625 0.36796875 0.06171875 0.05859375
0 0.22734375 0.27890625 0.06875 0.06484375
0 0.2359375 0.1796875 0.065625 0.06171875
0 0.2359375 0.98828125 0.05859375 0.021875
0 0.253125 0.10390625 0.07890625 0.0765625
0 0.271875 0.81875 0.06328125 0.0671875
0 0.271875 0.03125 0.04375 0.05703125
0 0.2875 0.66171875 0.0546875 0.06171875
0 0.30703125 0.92578125 0.071875 0.08828125
0 0.309375 0.265625 0.07734375 0.05546875
0 0.3078125 0.446875 0.0625 0.08828125
0 0.3140625 0.3515625 0.07109375 0.06875
0 0.31875 0.55078125 0.0578125 0.05546875
0 0.3265625 0.16875 0.06953125 0.053125
0 0.33671875 0.08125 0.06328125 0.06640625
0 0.34765625 0.01484375 0.04765625 0.0296875
0 0.36171875 0.74375 0.065625 0.075
0 0.37421875 0.859375 0.07890625 0.08984375
0 0.3609375 0.9921875 0.0390625 0.01484375
0 0.384375 0.64140625 0.071875 0.06640625
0 0.39375 0.22265625 0.07890625 0.06484375
0 0.38984375 0.42109375 0.059375 0.05
0 0.39140625 0.30859375 0.059375 0.071875
0 0.39921875 0.52265625 0.06875 0.06484375
0 0.4078125 0.14296875 0.08125 0.06875
0 0.415625 0.0546875 0.05625 0.04140625
0 0.4296875 0.95390625 0.0609375 0.06640625
0 0.4484375 0.74765625 0.059375 0.08203125
0 0.45234375 0.84296875 0.06328125 0.06640625
0 0.4625 0.3609375 0.0671875 0.053125
0 0.48046875 0.2796875 0.07890625 0.06171875
0 0.4828125 0.459375 0.0828125 0.0765625
0 0.4703125 0.63359375 0.05625 0.0671875
0 0.47578125 0.0984375 0.06875 0.0484375
0 0.4828125 0.18359375 0.08125 0.071875
0 0.484375 0.03203125 0.0484375 0.0515625
0 0.49921875 0.9890625 0.04609375 0.01875
0 0.525 0.90625 0.06640625 0.06875
0 0.534375 0.79296875 0.06171875 0.096875
0 0.53828125 0.559375 0.05625 0.06875
0 0.5484375 0.32421875 0.0703125 0.08046875
0 0.553125 0.24140625 0.07734375 0.06640625
0 0.53515625 0.0078125 0.0328125 0.015625
0 0.54609375 0.075 0.053125 0.05546875
0 0.5515625 0.678125 0.05859375 0.10546875
0 0.5609375 0.16484375 0.0734375 0.0546875
0 0.57265625 0.43359375 0.07890625 0.06640625
0 0.60859375 0.971875 0.084375 0.0546875
0 0.596875 0.86171875 0.05859375 0.08515625
0 0.6125 0.040625 0.06953125 0.053125
0 0.6234375 0.5140625 0.075 0.075
0 0.628125 0.29453125 0.0703125 0.06640625
0 0.63125 0.11015625 0.06953125 0.0671875
0 0.63125 0.37578125 0.065625 0.07890625
0 0.63203125 0.75390625 0.05859375 0.053125
0 0.63359375 0.62734375 0.05 0.05859375
0 0.6390625 0.2015625 0.059375 0.0515625
0 0.6890625 0.91171875 0.08984375 0.11875
0 0.68671875 0.01796875 0.06171875 0.03515625
0 0.7015625 0.45625 0.0875 0.0734375
0 0.70625 0.57109375 0.07421875 0.08515625
0 0.70859375 0.0875 0.06640625 0.05859375
0 0.709375 0.25625 0.065625 0.0703125
0 0.7171875 0.68984375 0.075 0.075
0 0.715625 0.3609375 0.071875 0.06640625
0 0.715625 0.1671875 0.06953125 0.05546875
0 0.709375 0.9890625 0.05078125 0.01875
0 0.71796875 0.8078125 0.06875 0.075
0 0.775 0.4328125 0.08515625 0.06484375
0 0.775 0.0546875 0.07109375 0.06171875
0 0.78984375 0.95078125 0.1015625 0.096875
0 0.7796875 0.13984375 0.0703125 0.053125
0 0.77734375 0.234375 0.06328125 0.06171875
0 0.7828125 0.63984375 0.06953125 0.0703125
0 0.78125 0.31484375 0.06171875 0.03828125
0 0.7875 0.75390625 0.0609375 0.0765625
0 0.796875 0.85625 0.06640625 0.08828125
0 0.79765625 0.534375 0.0625 0.08515625
0 0.8296875 0.0046875 0.05 0.00859375
0 0.84375 0.38984375 0.059375 0.0734375
0 0.85 0.2015625 0.06875 0.0484375
0 0.85 0.29765625 0.06171875 0.06484375
0 0.865625 0.4796875 0.0828125 0.071875
0 0.865625 0.1140625 0.06953125 0.0671875
0 0.86875 0.678125 0.06875 0.06640625
0 0.88203125 0.91484375 0.090625 0.103125
0 0.87265625 0.5734375 0.06640625 0.0734375
0 0.8890625 0.78671875 0.078125 0.08828125
0 0.8796875 0.05078125 0.05390625 0.0546875
0 0.92578125 0.25 0.0671875 0.05859375
0 0.93046875 0.43359375 0.0703125 0.06171875
0 0.934375 0.34765625 0.0734375 0.0765625
0 0.95703125 0.65234375 0.08515625 0.053125
0 0.9421875 0.1640625 0.053125 0.075
0 0.953125 0.54375 0.06171875 0.06875
0 0.96015625 0.97734375 0.0734375 0.04140625
0 0.96171875 0.871875 0.075 0.10390625
0 0.9640625 0.0734375 0.065625 0.06015625
0 0.9703125 0.75703125 0.0484375 0.08359375
0 0.9890625 0.225 0.01875 0.0734375
0 0.990625 0.41875 0.01875 0.0671875
0 0.99140625 0.128125 0.015625 0.05
0 0.99296875 0.3140625 0.0125 0.053125
0 0.99296875 0.60859375 0.0125 0.05546875
0 0.99453125 0.49453125 0.009375 0.03671875
1 0.49921875 0.49921875 0.9984375 0.9984375